VCE(n002)				VBE(n003)		VCC(n001)		Ic(Q1)			Ib(Q1)			Ie(Q1)
-3.971055668414190e+00	-5.723676e-01	-5.000000e+00	-1.226394e-03	-8.287819e-06	1.234682e-03

VCE = -3.9 V
VBE = -0.6 V 
Ic = -1,23mA
Ib = -8,3 uA
Ie= 1,23 mA